100000
0
0
126
0 95 55
1 2 3 4 5 6 7 8 9 10 11 12 13 14 15 16 17 18 19 20 1 2 3 4 5 6 7 8 9 10 11 12 13 14 15 16 17 18 19 20
9 15 15
11 95 5
12 145 75
0 135 35
1 2 3 4 5 6 7 8 9 10 11 12 13 14 15 16 17 18 19 20 1 2 3 4 5 6 7 8 9 10 11 12 13 14 15 16 17 18 19 20
11 105 55
14 25 75
19 5 55
15 15 85
1 5 65
3 105 25
2 125 65
2 35 75
4 15 35
10 155 55
12 145 35
8 135 5
17 25 65
9 25 5
1 5 25
20 95 35
16 85 35
9 95 65
18 25 45
5 35 85
12 135 45
10 85 5
16 25 25
9 115 15
1 45 65
9 155 5
9 135 55
11 15 45
0 155 15
1 2 3 4 5 6 7 8 9 10 11 12 13 14 15 16 17 18 19 20 1 2 3 4 5 6 7 8 9 10 11 12 13 14 15 16 17 18 19 20
4 5 45
5 35 15
20 105 85
5 75 45
0 145 55
1 2 3 4 5 6 7 8 9 10 11 12 13 14 15 16 17 18 19 20 1 2 3 4 5 6 7 8 9 10 11 12 13 14 15 16 17 18 19 20
12 135 25
9 85 25
6 55 15
1 135 65
1 55 85
12 55 65
9 125 85
15 45 25
7 155 65
7 145 65
0 75 25
1 2 3 4 5 6 7 8 9 10 11 12 13 14 15 16 17 18 19 20 1 2 3 4 5 6 7 8 9 10 11 12 13 14 15 16 17 18 19 20
10 25 55
11 65 25
18 65 35
17 25 15
8 45 35
3 135 75
11 15 5
20 75 35
4 145 15
13 25 85
4 5 15
5 95 15
11 35 45
0 115 45
1 2 3 4 5 6 7 8 9 10 11 12 13 14 15 16 17 18 19 20 1 2 3 4 5 6 7 8 9 10 11 12 13 14 15 16 17 18 19 20
5 65 65
20 115 75
6 115 35
0 85 85
1 2 3 4 5 6 7 8 9 10 11 12 13 14 15 16 17 18 19 20 1 2 3 4 5 6 7 8 9 10 11 12 13 14 15 16 17 18 19 20
20 125 35
0 15 75
1 2 3 4 5 6 7 8 9 10 11 12 13 14 15 16 17 18 19 20 1 2 3 4 5 6 7 8 9 10 11 12 13 14 15 16 17 18 19 20
6 45 15
19 105 35
0 75 15
1 2 3 4 5 6 7 8 9 10 11 12 13 14 15 16 17 18 19 20 1 2 3 4 5 6 7 8 9 10 11 12 13 14 15 16 17 18 19 20
5 85 55
1 5 75
3 95 75
1 125 15
3 45 75
5 15 65
5 55 25
12 75 55
7 135 15
8 45 85
6 145 85
7 125 45
1 55 5
11 125 55
18 35 25
11 25 35
3 125 5
12 85 45
0 85 75
1 2 3 4 5 6 7 8 9 10 11 12 13 14 15 16 17 18 19 20 1 2 3 4 5 6 7 8 9 10 11 12 13 14 15 16 17 18 19 20
11 155 85
8 155 25
18 105 5
4 115 5
17 35 55
12 65 45
13 55 45
13 85 65
7 125 25
16 75 5
10 5 5
0 95 45
1 2 3 4 5 6 7 8 9 10 11 12 13 14 15 16 17 18 19 20 1 2 3 4 5 6 7 8 9 10 11 12 13 14 15 16 17 18 19 20
0 145 5
1 2 3 4 5 6 7 8 9 10 11 12 13 14 15 16 17 18 19 20 1 2 3 4 5 6 7 8 9 10 11 12 13 14 15 16 17 18 19 20
20 155 75
17 45 45
0 15 55
1 2 3 4 5 6 7 8 9 10 11 12 13 14 15 16 17 18 19 20 1 2 3 4 5 6 7 8 9 10 11 12 13 14 15 16 17 18 19 20
1 105 65
0 55 75
1 2 3 4 5 6 7 8 9 10 11 12 13 14 15 16 17 18 19 20 1 2 3 4 5 6 7 8 9 10 11 12 13 14 15 16 17 18 19 20
1 95 85
6 75 65
0 75 85
1 2 3 4 5 6 7 8 9 10 11 12 13 14 15 16 17 18 19 20 1 2 3 4 5 6 7 8 9 10 11 12 13 14 15 16 17 18 19 20
0 105 75
1 2 3 4 5 6 7 8 9 10 11 12 13 14 15 16 17 18 19 20 1 2 3 4 5 6 7 8 9 10 11 12 13 14 15 16 17 18 19 20
19 65 5
12 45 55
17 5 35
6 155 35
13 115 25
3 35 5
3 95 25
3 145 45
1 145 25
2 35 35
8 5 85
16 45 5
17 125 75
3 65 55
4 155 45
17 15 25
0 55 35
1 2 3 4 5 6 7 8 9 10 11 12 13 14 15 16 17 18 19 20 1 2 3 4 5 6 7 8 9 10 11 12 13 14 15 16 17 18 19 20
0 115 55
1 2 3 4 5 6 7 8 9 10 11 12 13 14 15 16 17 18 19 20 1 2 3 4 5 6 7 8 9 10 11 12 13 14 15 16 17 18 19 20
0 35 65
1 2 3 4 5 6 7 8 9 10 11 12 13 14 15 16 17 18 19 20 1 2 3 4 5 6 7 8 9 10 11 12 13 14 15 16 17 18 19 20
15 65 85
20 55 55
4 115 85
0 65 15
1 2 3 4 5 6 7 8 9 10 11 12 13 14 15 16 17 18 19 20 1 2 3 4 5 6 7 8 9 10 11 12 13 14 15 16 17 18 19 20
7 115 65
10 85 15
9 65 75
2 105 45
14 135 85
8 105 15
19 75 75
0 0
0 0
0 0
0 0
0 0
0 0
0 0
0 0
0 0
0 0
0 0
0 0
0 0
0 0
0 0
0 0
0 0
0 0
0 0
