100000
0
0
126
14 0 23 43
18 1 14 36
18 2 120 3
10 3 90 7
7 4 36 35
16 5 126 63
1 6 98 42
10 7 72 78
16 8 103 42
1 9 139 61
4 10 34 54
10 11 68 84
3 12 12 72
4 13 14 29
11 14 156 80
2 15 109 87
20 16 32 35
6 17 86 56
13 18 43 74
14 19 41 79
18 20 28 29
0 21 75 12 2 17 10 20 17
10 22 151 78
20 23 58 65
0 24 155 40 8 20 11 19 11 5 20 6 12 16 9 20 13 1 20 6 20 9 19
1 25 89 44
19 26 85 79
0 27 35 69 6 1 5
8 28 146 77
9 29 22 16
17 30 43 36
3 31 111 60
18 32 99 28
0 33 50 77 12 13 13 12 3 8 1 17 16
11 34 93 21
16 35 51 10
6 36 125 64
10 37 23 19
13 38 144 11
2 39 74 0
1 40 111 41
2 41 112 68
16 42 117 61
6 43 134 57
20 44 103 52
19 45 52 33
16 46 157 87
10 47 28 23
2 48 23 27
5 49 67 64
16 50 49 65
14 51 63 19
17 52 123 17
2 53 56 85
17 54 134 18
11 55 4 63
0 56 103 43 5 5 13 17 12 13 5 11 2 18 16
6 57 70 34
12 58 52 84
20 59 157 67
7 60 22 78
4 61 60 30
8 62 45 29
0 63 153 41 10 17 19 8 1 8 1 2 14 5 13 19 12 18
5 64 24 39
5 65 153 34
18 66 36 27
16 67 69 46
12 68 128 65
19 69 5 53
18 70 62 78
8 71 62 36
2 72 75 6
6 73 7 84
17 74 127 24
20 75 86 12
6 76 84 87
18 77 43 57
17 78 129 19
20 79 21 19
3 80 47 67
14 81 158 28
6 82 114 67
13 83 135 70
13 84 104 36
7 85 133 11
6 86 118 12
6 87 111 13
19 88 100 87
18 89 78 65
19 90 73 11
0 91 48 43 12 15 19 19 2 11 18 18 3 20
20 92 98 70
15 93 108 52
12 94 32 26
10 95 67 62
7 96 72 27
10 97 30 3
20 98 0 37
1 99 111 87
5 100 56 89
8 101 111 72
6 102 34 8
12 103 92 51
6 104 30 69
9 105 97 54
2 106 76 60
18 107 58 57
19 108 113 5
9 109 48 79
19 110 71 74
7 111 11 72
17 112 107 39
0 113 155 61 11 10 15 7 17 4 3 7 3 17 15 11
19 114 81 67
18 115 77 88
15 116 60 89
15 117 8 40
15 118 47 53
1 119 141 58
6 120 22 8
6 121 9 51
14 122 30 62
0 123 109 84 11 1 11 4 17 20 6 10 6 20 6 18 19 11 9
15 124 117 77
13 125 93 59
